 ---- PART 1 (2 points) ----
A - empty matrix:
empty matrix!

B - zero 3x3 matrix:

|    0.000    0.000    0.000  |
|    0.000    0.000    0.000  |
|    0.000    0.000    0.000  |

C- 4x4 matrix filled with 10:

|   10.000   10.000   10.000   10.000  |
|   10.000   10.000   10.000   10.000  |
|   10.000   10.000   10.000   10.000  |
|   10.000   10.000   10.000   10.000  |

 ---- PART 2 (1 point) ----
D - const copy of C:

|   10.000   10.000   10.000   10.000  |
|   10.000   10.000   10.000   10.000  |
|   10.000   10.000   10.000   10.000  |
|   10.000   10.000   10.000   10.000  |

Element D(2,2): 10.000
matrix C after setting C(1,2)=5:

|   10.000   10.000   10.000   10.000  |
|   10.000   10.000    5.000   10.000  |
|   10.000   10.000   10.000   10.000  |
|   10.000   10.000   10.000   10.000  |

 ---- PART 3 (2 points) ----
random matrix with values [-10, 10]:

|    2.000   -9.000   -5.000    0.000  |
|  -10.000   -1.000    3.000  -10.000  |
|    2.000   -1.000   -8.000    9.000  |
|   -4.000    1.000    3.000   -3.000  |

Transpose A:
|    2.000  -10.000    2.000   -4.000  |
|   -9.000   -1.000   -1.000    1.000  |
|   -5.000    3.000   -8.000    3.000  |
|    0.000  -10.000    9.000   -3.000  |

A after transpose (not affected):

|    2.000   -9.000   -5.000    0.000  |
|  -10.000   -1.000    3.000  -10.000  |
|    2.000   -1.000   -8.000    9.000  |
|   -4.000    1.000    3.000   -3.000  |

B random [0,3]:

|    1.000    2.000    2.000  |
|    3.000    3.000    0.000  |
|    3.000    0.000    3.000  |

Matrix 4x4 - eye:

|    1.000    0.000    0.000    0.000  |
|    0.000    1.000    0.000    0.000  |
|    0.000    0.000    1.000    0.000  |
|    0.000    0.000    0.000    1.000  |

norm of the eye: 2.000

 ---- PART 4 (2 points) ----
C = A+A =
|    4.000  -18.000  -10.000    0.000  |
|  -20.000   -2.000    6.000  -20.000  |
|    4.000   -2.000  -16.000   18.000  |
|   -8.000    2.000    6.000   -6.000  |

C = C-A =
|    2.000   -9.000   -5.000    0.000  |
|  -10.000   -1.000    3.000  -10.000  |
|    2.000   -1.000   -8.000    9.000  |
|   -4.000    1.000    3.000   -3.000  |

A==C? YES

1.500*C=
|    3.000  -13.500   -7.500    0.000  |
|  -15.000   -1.500    4.500  -15.000  |
|    3.000   -1.500  -12.000   13.500  |
|   -6.000    1.500    4.500   -4.500  |

B =
|    2.000   -9.000   -5.000    0.000  |
|  -10.000   -1.000    3.000  -10.000  |
|    2.000   -1.000   -8.000    9.000  |
|   -4.000    1.000    3.000   -3.000  |

A*B =
|   84.000   -4.000    3.000   45.000  |
|   36.000   78.000   -7.000   67.000  |
|  -38.000    0.000   78.000  -89.000  |
|    0.000   29.000  -10.000   26.000  |

norm B=22.472
transpose B=
|    2.000  -10.000    2.000   -4.000  |
|   -9.000   -1.000   -1.000    1.000  |
|   -5.000    3.000   -8.000    3.000  |
|    0.000  -10.000    9.000   -3.000  |

 ---- PART 5 (1 point)----
Input size of matrix:
4
Onput random numbers range [a,b]:
Give a = 1 10
Give b = A=
|    3.000   10.000    2.000    3.000  |
|    7.000   10.000    5.000    4.000  |
|    8.000    9.000   10.000    6.000  |
|    7.000    4.000   10.000    7.000  |

Matrix A1:
|   -0.298    0.489   -0.233    0.048  |
|    0.114   -0.091    0.136   -0.114  |
|   -0.026   -0.330    0.494   -0.224  |
|    0.270    0.034   -0.551    0.480  |

Check: S=A*A1=
|    1.000   -0.000    0.000   -0.000  |
|   -0.000    1.000    0.000   -0.000  |
|    0.000    0.000    1.000    0.000  |
|   -0.000   -0.000    0.000    1.000  |

Checking OK
Bye
Press any key to continue . . .